79
33
18
67
15
24
38
62
23
28
37
226
67
17
31
22
46
44
33
45
21
8
88
24
61
80
32
57
8
25
74
74
62
36
138
98
20
98
35
87
38
35
26
36
36
37
26
29
18
29
11
34
52
52
43
67
39
171
79
62
20
35
38
36
21
53
45
84
34
98
46
23
34
25
19
40
37
14
444
45
26
8
31
30
21
16
20
15
28
29
32
364
4
26
8
31
30
21
16
20
15
28
29
32
22
25
32
82
39
48
62
95
82
83
76
97
96
91
14
63
87
88
116
110
56
61
40
29
19
24
6
11
639
13
18
29
67
697
450
101
50
211
502
19
31
19
21
26
36
82
82
14
165
72
18
48
72
18
48
5
45
6
36
26
24
12
6
62
133
53
10
9
18
28
32
13
32
22
3
10
19
19
6
9
25
14
42
39
11
9
20
15
18
18
13
38
34
10
9
10
63
44
70
99
88
27
29
28
20
28
12
27
21
25
54
75
11
62
22
46
8
18
13
15
90
14
35
12
37
22
17
19
17
22
17
19
17
19
22
19
31
38
136
16
26
39
16
49
55
10
46
28
65
12
15
17
28
24
30
33
66
112
212
47
45
47
181
65
33
26
23
34
89
19
30
21
16
59
99
170
52
31
16
60
5
34
7
49
12
10
8
7
12
4
3
16
60
5
34
7
49
12
10
8
7
12
4
23
12
17
4
6
8
20
53
32
61
18
42
40
10
25
67
22
20
10
10
49
22
31
15
28
362
46
188
52
49
38
19
11
11
24
7
17
15
6
21
25
12
24
29
54
60
9
34
114
245
74
21
56
53
58
16
34
16
33
43
5
34
16
46
39
34
39
66
49
21
77
27
17
23
12
58
15
58
15
63
80
63
16
23
20
19
27
13
38
11
49
24
22
32
19
15
119
546
16
22
21
19
25
73
77
104
29
32
19
17
101
56
43
21
14
25
57
38
20
164
20
8
43
44
60
52
104
22
59
18
48
70
15
28
16
24
20
19
18
7
47
22
9
10
47
21
32
27
14
28
16
30
43
31
32
27
14
28
16
30
43
31
12
36
9
7
9
19
17
33
28
17
28
43
30
29
40
14
8
14
33
71
68
83
26
22
24
14
26
47
38
44
39
7
49
22
15
52
17
20
23
32
23
25
26
31
14
21
22
16
15
52
17
20
23
32
23
25
26
31
14
21
22
16
139
66
60
44
50
55
20
55
19
103
22
18
47
86
17
30
83
66
61
65
30
26
22
32
30
28
40
69
61
52
36
38
38
42
37
62
19
40
20
42
26
16
24
31
44
23
47
36
62
70
45
8
29
86
22
46
38
31
20
35
19
56
104
10
22
23
24
17
56
104
10
22
23
24
17
51
8
10
13
69
11
32
36
12
28
53
67
19
67
36
34
18
8
18
31
33
61
93
69
42
60
65
54
33
106
107
9
12
33
32
16
61
9
22
17
39
160
22
211
66
252
39
160
22
211
66
282
44
9
11
7
17
19
44
24
75
23
22
53
83
29
17
85
55
25
64
81
81
52
143
129
206
11
15
148
379
8
11
21
30
30
44
31
26
21
59
26
21
59
78
500
14
17
14
32
51
31
38
24
1091
27
18
14
7
8
10
14
15
22
25
19
6
36
43
75
25
15
23
25
23
23
7
22
22
24
19
25
14
31
15
45
41
89
26
793
43
26
559
43
84
30
36
52
74
41
64
67
73
25
49
34
23
35
17
973
1417
40
58
52
46
31
29
48
11
15
13
26
23
77
170
19
26
46
47
33
26
61
59
31
37
23
25
22
19
108
31
115
20
12
25
82
30
26
169
402
164
34
49
25
20
4
16
37
22
77
74
84
78
34
191
26
36
22
25
45
29
13
15
22
13
20
29
19
171
74
100
32
50
37
83
40
22
58
13
16
20
68
18
13
36
21
8
57
32
40
54
23
33
58
22
39
70
65
13
70
65
13
23
82
54
52
120
20
41
45
19
8
21
87
14
12
41
47
27
11
93
34
58
55
32
29
19
43
26
28
31
17
9
71
24
13
98
75
43
32
35
43
32
35
41
19
23
337
50
43
12
52
33
32
38
15
36
26
36
76
28
21
21
25
22
17
43
62
58
22
27
36
24
26
36
36
24
26
38
62
24
11
13
31
46
32
13
11
12
60
80
29
69
21
36
18
16
17
25
68
51
41
16
74
20
5
37
35
24
28
19
24
57
30
36
40
25
38
6
25
36
69
72
97
21
37
36
8
39
67
35
72
97
21
37
36
8
39
67
35
16
12
48
39
20
156
34
33
25
10
41
15
17
23
108
105
57
37
24
94
100
26
48
29
14
37
38
64
60
23
11
32
27
8
40
8
38
28
14
53
48
19
24
39
29
32
58
40
87
21
19
39
43
59
19
48
26
31
15
47
17
84
133
9
14
28
28
39
31
23
143
27
50
34
23
14
41
34
47
40
24
62
35
4
43
17
30
54
39
37
19
32
57
24
35
32
22
63
5
45
43
20
10
55
36
38
67
58
15
104
93
79
31
47
33
38
21
15
104
93
79
31
47
33
38
21
15
19
22
75
63
23
23
11
43
40
36
18
20
38
13
23
25
24
26
28
102
31
26
47
19
17
31
14
42
67
12
8
15
30
18
24
44
19
32
8
18
37
23
32
32
23
27
47
119
66
19
29
130
277
31
46
18
27
42
44
65
59
63
16
43
21
35
28
8
127
18
49
41
51
140
45
56
1055
89
20
12
50
49
36
49
48
17
21
21
52
30
20
10
30
9
21
42
44
5
13
21
52
30
20
10
30
9
21
42
44
86
69
87
104
66
166
42
103
94
33
45
86
58
16
56
44
54
28
33
75
92
110
55
27
26
133
40
26
39
261
27
40
38
159
18
45
16
50
8
67
40
12
39
34
6
24
13
68
89
32
92
58
21
48
31
28
27
32
8
78
27
29
34
32
14
34
77
15
20
23
34
55
29
37
94
110
36
13
25
11
14
27
19
9
22
14
37
14
40
8
43
12
82
90
5
38
42
38
10
17
41
49
24
42
14
39
16
30
20
22
67
51
234
150
27
240
74
17
79
30
35
32
37
14
17
208
143
34
70
42
150
248
22
172
45
32
53
56
87
136
49
86
69
191
173
69
27
39
61
45
47
29
15
325
18
26
34
33
28
15
49
35
64
22
75
30
42
26
51
11
27
17
76
71
17
45
32
37
167
85
32
101
101
382
251
148
92
16
27
46
161
16
201
76
119
44
48
10
40
35
55
34
40
149
57
632
20
37
13
110
80
16
57
34
28
49
75
114
14
52
7
27
47
26
77
12
29
78
44
38
9
23
22
57
57
33
15
19
42
58
40
49
53
40
37
33
23
25
10
51
55
42
9
20
32
42
6
57
133
21
13
30
22
24
31
15
11
10
11
9
15
50
64
22
44
22
11
24
68
54
9
26
44
32
37
34
39
32
37
34
39
32
30
38
34
34
43
26
33
15
22
36
16
32
16
30
83
129
108
68
46
86
27
28
45
66
45
29
52
21
38
8
34
153
16
29
17
16
24
16
22
13
18
33
20
42
24
14
21
19
21
12
30
28
5
16
18
45
20
13
14
38
43
44
33
14
25
40
41
56
51
49
34
9
54
8
26
26
54
16
14
19
28
19
29
82
32
30
19
50
343
25
29
7
19
18
64
23
128
27
24
14
26
23
16
33
37
17
88
23
21
16
12
103
73
22
61
22
39
24
26
74
35
40
43
82
40
47
23
15
40
42
42
37
28
54
28
54
39
61
23
52
49
21
72
132
12
150
16
65
23
87
104
13
26
23
13
42
51
47
42
18
14
34
31
12
19
61
88
16
17
23
25
42
40
64
30
48
53
54
21
40
51
37
4
9
57
393
35
62
117
35
24
77
22
65
59
50
36
88
55
33
75
69
38
9
21
68
17
11
107
82
54
115
125
80
38
61
71
40
83
59
181
78
95
61
62
36
53
37
60
19
132
13
40
18
28
81
45
86
38
18
29
29
62
62
31
23
41
8
11
44
37
19
11
26
22
59
124
116
26
24
22
35
28
16
56
52
15
26
34
48
103
67
33
11
17
24
21
29
46
46
23
31
13
27
12
27
20
47
14
83
46
82
20
44
27
12
27
20
47
14
83
46
82
20
46
7
301
26
125
29
53
34
121
25
25
143
238
56
229
24
46
53
9
36
36
31
35
54
16
50
36
42
76
57
78
79
15
30
46
56
59
18
51
57
57
54
34
62
20
46
95
55
65
41
18
170
3
13
40
46
63
36
48
60
19
14
116
33
67
84
41
29
36
60
19
14
116
33
67
84
41
49
26
13
76
37
53
27
32
102
36
291
11
39
31
89
22
36
33
91
21
24
38
20
36
171
13
34
74
17
6
11
74
30
21
50
77
57
54
36
84
13
18
15
25
52
112
74
44
102
67
59
59
119
59
118
191
58
138
40
52
15
12
68
42
37
55
37
55
48
18
95
52
63
68
57
34
25
90
27
73
31
36
35
74
175
59
36
55
72
27
60
59
19
38
22
31
77
66
63
19
132
47
100
117
89
36
46
27
40
268
43
84
6
40
11
25
14
25
45
33
24
16
29
37
206
80
71
35
21
42
23
27
42
54
46
21
26
32
17
57
40
36
26
84
65
24
46
27
97
77
35
68
86
84
309
52
74
71
83
33
74
71
83
33
77
60
64
148
82
48
28
113
67
32
56
26
53
11
33
137
112
74
38
46
16
15
29
32
19
54
74
66
15
57
60
58
93
86
76
88
197
249
72
39
32
67
37
19
58
29
56
38
44
27
38
328
19
40
16
3
30
40
18
148
62
36
44
29
23
34
30
35
36
12
33
44
16
170
53
16
54
82
92
53
11
99
20
62
74
14
56
35
38
28
16
18
56
28
16
18
56
48
33
57
447
14
23
31
15
20
140
130
60
40
48
48
32
18
27
51
24
20
27
50
88
44
22
31
42
22
23
28
19
20
13
10
31
22
28
11
27
107
27
73
39
257
49
105
18
24
39
103
35
27
105
18
24
39
103
35
27
16
4
17
22
12
14
16
34
14
14
49
17
8
43
36
25
23
16
16
9
16
28
20
3
35
37
109
73
10
39
13
13
8
22
32
16
27
21
31
26
37
37
46
89
34
17
9
23
48
14
25
20
14
21
28
87
51
54
42
40
87
10
40
45
48
19
50
49
62
25
16
23
50
49
62
25
16
23
67
35
102
30
9
16
27
25
42
29
22
19
46
24
41
12
14
34
30
24
171
142
14
16
13
36
17
13
35
49
29
62
53
28
23
89
16
20
29
15
18
24
11
11
39
31
124
87
96
22
28
37
26
27
11
43
25
4
5
21
64
55
27
23
42
52
50
31
12
6
8
8
48
19
33
37
42
49
68
68
68
32
33
17
53
27
156
33
111
111
231
205
111
86
37
37
46
46
46
45
48
51
60
98
24
40
139
49
40
196
49
166
65
38
27
24
55
24
41
233
32
12
13
60
71
92
21
88
26
36
17
39
76
47
25
44
166
55
46
36
15
139
62
40
38
38
47
57
37
44
188
38
34
41
17
12
11
57
9
74
7
39
62
39
14
31
33
76
68
16
51
25
35
31
9
90
758
42
89
29
10
23
8
43
7
12
46
19
45
8
16
18
10
22
25
12
10
22
25
109
54
38
15
58
90
12
61
36
46
32
4
74
71
38
53
54
44
32
31
101
101
12
36
22
33
152
99
84
18
17
12
15
36
70
24
43
55
52
17
62
45
3
44
33
86
16
13
20
10
15
9
91
13
18
18
14
37
30
11
12
88
35
24
25
8
52
14
12
21
51
7
47
40
61
17
9
33
41
60
24
29
64
10
33
27
16
195
35
39
53
71
30
83
44
66
44
30
46
39
89
63
29
13
33
32
68
14
60
57
174
60
84
92
76
148
52
36
172
41
90
64
11
12
41
20
13
19
29
24
55
94
8
19
19
29
47
440
58
52
42
25
56
31
185
31
70
15
17
13
22
71
70
83
10
34
34
24
45
8
73
61
80
54
41
23
13
236
272
12
26
17
36
30
12
13
124
134
52
45
92
70
8
215
35
35
121
48
27
33
56
30
98
49
16
70
16
141
433
103
27
67
21
12
9
27
15
26
19
7
44
44
36
84
38
60
26
20
45
28
18
18
183
40
36
66
77
267
21
34
20
77
15
109
112
14
104
49
64
69
76
31
24
34
28
42
44
62
4
211
11
138
49
54
20
444
23
38
21
21
10
7
16
12
4
27
5
23
28
8
417
28
109
107
64
262
525
51
17
122
46
26
96
14
210
36
31
49
11
55
24
40
51
50
74
53
27
14
11
29
6
14
77
18
45
18
39
24
43
4
15
98
73
142
25
19
41
74
25
35
49
31
50
62
105
12
106
7
27
28
36
9
31
32
26
28
71
48
17
34
8
7
9
12
7
8
35
10
8
13
9
12
14
5
8
13
31
51
49
29
32
15
55
26
74
48
46
27
76
46
133
116
26
49
15
25
87
10
11
7
16
59
16
46
27
85
57
26
27
32
12
46
30
33
32
12
46
30
33
15
30
14
82
9
26
27
59
26
11
15
15
29
20
9
41
27
6
60
92
11
12
7
79
44
74
24
50
57
73
137
114
155
38
14
13
34
9
9
11
5
8
10
16
6
8
25
36
7
188
223
74
24
27
13
532
17
18
26
13
23
31
15
52
23
11
6
10
12
46
28
15
44
35
50
39
85
24
12
173
263
65
134
57
